400.00 0.020947
405.00 0.023245
410.00 0.025720
415.00 0.028164
420.00 0.030490
425.00 0.032821
430.00 0.034889
435.00 0.037100
440.00 0.039314
445.00 0.041239
450.00 0.043348
455.00 0.045167
460.00 0.047152
465.00 0.049016
470.00 0.050711
475.00 0.052547
480.00 0.054127
485.00 0.055850
490.00 0.057323
495.00 0.058951
500.00 0.060513
505.00 0.061932
510.00 0.063444
515.00 0.064974
520.00 0.066460
525.00 0.067962
530.00 0.069449
535.00 0.070909
540.00 0.072173
545.00 0.073459
550.00 0.074761
555.00 0.076203
560.00 0.077607
565.00 0.078943
570.00 0.080301
575.00 0.081554
580.00 0.082501
585.00 0.083391
590.00 0.084151
595.00 0.084724
600.00 0.085422
605.00 0.085898
610.00 0.086661
615.00 0.087441
620.00 0.088286
625.00 0.089393
630.00 0.090368
635.00 0.091732
640.00 0.092929
645.00 0.094319
650.00 0.095470
655.00 0.096763
660.00 0.097854
665.00 0.099059
670.00 0.100231
675.00 0.101352
680.00 0.102561
685.00 0.103732
690.00 0.105282
695.00 0.106960
700.00 0.109055
705.00 0.111166
710.00 0.113402
715.00 0.115621
720.00 0.117952
725.00 0.120691
730.00 0.122935
735.00 0.125401
740.00 0.127617
745.00 0.129606
750.00 0.131863
755.00 0.133178
760.00 0.135239
765.00 0.136709
770.00 0.138114
775.00 0.140042
780.00 0.141409
785.00 0.142971
790.00 0.144396
795.00 0.145885
800.00 0.147121
805.00 0.148585
810.00 0.149718
815.00 0.150915
820.00 0.152006
825.00 0.152995
830.00 0.153784
835.00 0.154707
840.00 0.155252
845.00 0.155968
850.00 0.156473
855.00 0.157290
860.00 0.157689
865.00 0.158359
870.00 0.159217
875.00 0.159734
880.00 0.160623
885.00 0.161378
890.00 0.162207
895.00 0.163092
900.00 0.163948
905.00 0.164759
910.00 0.165835
915.00 0.166693
920.00 0.167535
925.00 0.168591
930.00 0.169632
935.00 0.170486
940.00 0.171519
945.00 0.172557
950.00 0.173625
955.00 0.174575
960.00 0.175873
965.00 0.176926
970.00 0.178124
975.00 0.179168
980.00 0.180392
985.00 0.181698
990.00 0.182865
995.00 0.183949
1000.00 0.185263
1005.00 0.186545
1010.00 0.187666
1015.00 0.188956
1020.00 0.190368
1025.00 0.191457
1030.00 0.192807
1035.00 0.193965
1040.00 0.195353
1045.00 0.196503
1050.00 0.197906
1055.00 0.199190
1060.00 0.200383
1065.00 0.201925
1070.00 0.203256
1075.00 0.204579
1080.00 0.205923
1085.00 0.207290
1090.00 0.208605
1095.00 0.209794
1100.00 0.211312
1105.00 0.212586
1110.00 0.213718
1115.00 0.215023
1120.00 0.216173
1125.00 0.217537
1130.00 0.218746
1135.00 0.219879
1140.00 0.220823
1145.00 0.221993
1150.00 0.223056
1155.00 0.224087
1160.00 0.225333
1165.00 0.226525
1170.00 0.227711
1175.00 0.228950
1180.00 0.230397
1185.00 0.231635
1190.00 0.233070
1195.00 0.234403
1200.00 0.235647
1205.00 0.237019
1210.00 0.238363
1215.00 0.239748
1220.00 0.241237
1225.00 0.242660
1230.00 0.244275
1235.00 0.245504
1240.00 0.247105
1245.00 0.248661
1250.00 0.250216
1255.00 0.251890
1260.00 0.253525
1265.00 0.255111
1270.00 0.256496
1275.00 0.258025
1280.00 0.259235
1285.00 0.260560
1290.00 0.261520
1295.00 0.262496
1300.00 0.263542
1305.00 0.264326
1310.00 0.265139
1315.00 0.265873
1320.00 0.266563
1325.00 0.267071
1330.00 0.267387
1335.00 0.268004
1340.00 0.268271
1345.00 0.268702
1350.00 0.268935
1355.00 0.268970
1360.00 0.269405
1365.00 0.269363
1370.00 0.269022
1375.00 0.267454
1380.00 0.265104
1385.00 0.261495
1390.00 0.256154
1395.00 0.249728
1400.00 0.242966
1405.00 0.236179
1410.00 0.229971
1415.00 0.225556
1420.00 0.222671
1425.00 0.220700
1430.00 0.219431
1435.00 0.218552
1440.00 0.217626
1445.00 0.217035
1450.00 0.217228
1455.00 0.217412
1460.00 0.218137
1465.00 0.219249
1470.00 0.220961
1475.00 0.223008
1480.00 0.225500
1485.00 0.228078
1490.00 0.231029
1495.00 0.233968
1500.00 0.237109
1505.00 0.240461
1510.00 0.243799
1515.00 0.247451
1520.00 0.251014
1525.00 0.254576
1530.00 0.258195
1535.00 0.261459
1540.00 0.264943
1545.00 0.268185
1550.00 0.271364
1555.00 0.274510
1560.00 0.277526
1565.00 0.280253
1570.00 0.282891
1575.00 0.285383
1580.00 0.287761
1585.00 0.290050
1590.00 0.292125
1595.00 0.294010
1600.00 0.295886
1605.00 0.297511
1610.00 0.299118
1615.00 0.300488
1620.00 0.301914
1625.00 0.303321
1630.00 0.304375
1635.00 0.305587
1640.00 0.306560
1645.00 0.307412
1650.00 0.308359
1655.00 0.309022
1660.00 0.309850
1665.00 0.310318
1670.00 0.310922
1675.00 0.311612
1680.00 0.312233
1685.00 0.312658
1690.00 0.312879
1695.00 0.313342
1700.00 0.313701
1705.00 0.313798
1710.00 0.314085
1715.00 0.314019
1720.00 0.314050
1725.00 0.314016
1730.00 0.313830
1735.00 0.313787
1740.00 0.313546
1745.00 0.313081
1750.00 0.312659
1755.00 0.312191
1760.00 0.311255
1765.00 0.310431
1770.00 0.309446
1775.00 0.308159
1780.00 0.307049
1785.00 0.306106
1790.00 0.305167
1795.00 0.304630
1800.00 0.303919
1805.00 0.303482
1810.00 0.302352
1815.00 0.301226
1820.00 0.299913
1825.00 0.298428
1830.00 0.297019
1835.00 0.295659
1840.00 0.294030
1845.00 0.291747
1850.00 0.288596
1855.00 0.284291
1860.00 0.278541
1865.00 0.271412
1870.00 0.261969
1875.00 0.249560
1880.00 0.233637
1885.00 0.214096
1890.00 0.192880
1895.00 0.174006
1900.00 0.158538
1905.00 0.146569
1910.00 0.136225
1915.00 0.126911
1920.00 0.119007
1925.00 0.113099
1930.00 0.109511
1935.00 0.108140
1940.00 0.108007
1945.00 0.108681
1950.00 0.110055
1955.00 0.111609
1960.00 0.113558
1965.00 0.115735
1970.00 0.118265
1975.00 0.121254
1980.00 0.124331
1985.00 0.127670
1990.00 0.131226
1995.00 0.134614
2000.00 0.138310
2005.00 0.142261
2010.00 0.146242
2015.00 0.150240
2020.00 0.154337
2025.00 0.158621
2030.00 0.162926
2035.00 0.167167
2040.00 0.171299
2045.00 0.175316
2050.00 0.179193
2055.00 0.183204
2060.00 0.186981
2065.00 0.190884
2070.00 0.194879
2075.00 0.198738
2080.00 0.202237
2085.00 0.205765
2090.00 0.209436
2095.00 0.212879
2100.00 0.216169
2105.00 0.219455
2110.00 0.222699
2115.00 0.225909
2120.00 0.229130
2125.00 0.231721
2130.00 0.234137
2135.00 0.236634
2140.00 0.238576
2145.00 0.240378
2150.00 0.241894
2155.00 0.243395
2160.00 0.244381
2165.00 0.245425
2170.00 0.246174
2175.00 0.246930
2180.00 0.247682
2185.00 0.248429
2190.00 0.248887
2195.00 0.249349
2200.00 0.249710
2205.00 0.250073
2210.00 0.250247
2215.00 0.250323
2220.00 0.250485
2225.00 0.250420
2230.00 0.250190
2235.00 0.249903
2240.00 0.249452
2245.00 0.248789
2250.00 0.248147
2255.00 0.247390
2260.00 0.246379
2265.00 0.245134
2270.00 0.244125
2275.00 0.242801
2280.00 0.241241
2285.00 0.239622
2290.00 0.238067
2295.00 0.236348
2300.00 0.234574
2305.00 0.232598
2310.00 0.230549
2315.00 0.228566
2320.00 0.226122
2325.00 0.223719
2330.00 0.221454
2335.00 0.218800
2340.00 0.215902
2345.00 0.213096
2350.00 0.210119
2355.00 0.207049
2360.00 0.203543
2365.00 0.200302
2370.00 0.196985
2375.00 0.193106
2380.00 0.188887
2385.00 0.184963
2390.00 0.181084
2395.00 0.176888
2400.00 0.172831
2405.00 0.168504
2410.00 0.164073
2415.00 0.159906
2420.00 0.155400
2425.00 0.150803
2430.00 0.146302
2435.00 0.141617
2440.00 0.137079
2445.00 0.132326
2450.00 0.127251
2455.00 0.122628
2460.00 0.117802
2465.00 0.112793
2470.00 0.107608
2475.00 0.102668
2480.00 0.097513
2485.00 0.092313
2490.00 0.086656
2495.00 0.081316
2500.00 0.075918
